Automated Meter Location,Boiler location,Jan-22,Feb-22,Mar-22,Apr-22,May-22,Jun-22,Jul-22,Aug-22,Sep-22,Oct-22,Nov-22,Dec-22,Jan-23,Feb-23,Mar-23,Apr-23,May-23,Jun-23,Jul-23,Aug-23,Sep-23,Oct-23,Nov-23,Dec-23,Jan-24,Feb-24,Mar-24,Apr-24,May-24,Jun-24,Jul-24,Aug-24,Sep-24,Oct-24,Nov-24,Dec-24,Jan-26
E811.TE.RANGIHIROA.CH6.1 ,0,0,0,0,0,0,0,0,0,0,0,0,0,0,0,0,0,0,0,0,2,5,8.7,9.8,9.86,9.86,29.01000023,41.68000031,54.64999771,62.09,65.22000122,70.22999573,76.44999695,82.47000122,93.50999451,0,0,0
E811.TE.RANGIHIROA.CH6.2 ,0,0,0,0,0,0,0,0,0,0,0,0,0,0,0,0,0,0,0,0,0.4,3,5.8,8.8,24.7,54,61.72999954,61.75,61.75,61.76,61.77000046,61.7899971,61.7899971,61.80999756,61.81999969,0,0,0
E811.TE.RANGIHIROA.LTHW.PMP0.3 Ground,0,0,0,0,0,0,0,0,0,0,0,0,0,0,0,0,0,0,0,0,33.7,49,63.6,72.1,79.2,86.43,94.56999969,106.3600006,129.1999969,169,204.2599945,233.5500031,263.5,285.5899963,304.7200012,0,0,0
E811.TE.RANGIHIROA.LTHW.PMP0.4  L1-6,0,0,0,0,0,0,0,0,0,0,0,0,0,0,0,0,0,0,0,0,99.2,218,346.4,399.3,443.6,479.29,523.2099609,577.8599854,646.539978,756.32,861.7999878,968.4799805,1082.380005,1169.98999,1247.929932,0,0,0
E811.TE.RANGIHIROA.MTHW HX0.1a,0,0,0,0,0,0,0,0,0,0,0,0,0,0,0,0,0,0,0,0,118.8,190,283.9,333.6,359.4,377.29,395.6499939,421.5699768,460.0899963,526.52,610.4599609,647.9599609,727.289978,728.4899902,728.4899902,0,0,0
E811.TE.RANGIHIROA.MTHW HX0.1b,0,0,0,0,0,0,0,0,0,0,0,0,0,0,0,0,0,0,0,0,69.5,139,178.2,190.5,211.5,232.6,260.4299927,296.4700012,345.519989,427.45,483.2599792,580.289978,643.7600098,747.9599609,839.75,0,0,0
E811.TE.RANGIHIROA.MTHW HX0.2 DHW,0,0,0,0,0,0,0,0,0,0,0,0,0,0,0,0,0,0,0,0,23.4,38,56.5,61.3,62.7,70.93,99.65000153,139.3099976,185.3300018,234.23,278.2799988,325.1199951,383.7599792,435,489.0899963,0,0,0
F603.ENERGY.MTR.ENERGY,PS,874360,874400,875117,877878,883462,894317,906951,917951,928719,939191,945896,947251,948205,948322,955658,974369,1001765,1006170,1006198,1014575,1050219,1076697,1101338,1113156,1126757,1147706,1160402,1166912,1178645,1189089,1204464,1212224,1218631,1227854,0,0,0
F614.LTHW.HEAT_MTR.ENERGY,OBS,892.56,898.46,904.77,915.98,930.44,946.54,970.49,991.18,1007.17,1021.42,1026.5,1031.88,1034.25,1036.58,1043.44,1053.63,1068.34,1087.04,1109.25,1128.34,1144.45,1157.37,1167.08,1176.2,1176.2,1176.199951,1189.98999,1203.909912,1223.43,1241.51001,1262.319946,1277.449951,1289.25,1300.339966,0,0,0
F622.ENERGY.AHU2C.CLG_kWh,0,121880,123470,124270,124270,124340,124340,124370,124390,124400,124680,125780,126930,129530,133390,134860,134950,135200,135220,135220,135220,135680,136070,136190,137130,139580,142050,142150,142250,142250,142250,142250,142250,142380,142600,0,0,0
F622.ENERGY.AHU2C.HTG_kWh,0,3278658,3291767,3308236,3325767,3352993,3387291,3421001,3449536,3477113,3503472,3518666,3534559,3543345,3547209,3562335,3584711,3612508,3646637,3684990,3725182,3755166,3780345,3805333,3821006,3833192,3849234,3869169,3894995,3933184,3967352,4005029,4040486,4069066,4095535,0,0,0
F622.ENERGY.ANIMAL_2C.kWh,0,191348,193499,196089,198380,201549,205349,209692,213146,216685,219224,219875,220579,221605,222281,224038,226828,229867,233221,236805,240551,243525,246309,249160,251538,253562,255873,258242,261126,264723,268328,272167,275712,279335,284490,0,0,0
F622.ENERGY.CAGE_WASH.kWh,0,42555,42572,42580,42647,42882,43507,44281,44699,44994,45201,45210,45229,45229,45263,45290,45312,45370,45707,46215,46984,47087,47187,47232,47235,47235,47236,47300,47435,47992,48320,48897,49431,50051,50520,0,0,0
F622.ENERGY.GODDARD.FROM_kWh,0,421114,421114,421114,421114,421114,421114,421114,421114,421114,421114,421114,421114,425453,433893,435173,435177,435182,435456,435462,444000,451365,464239,489503,525602,562918,589061,589723,594654,599449,599728,602096,604740,607114,607235,0,0,0
F622.ENERGY.GODDARD.TO_kWh,0,1127171,1127533,1127677,1138495,1156940,1165584,1173401,1181430,1187853,1192410,1194015,1195865,1196543,1196545,1197555,1199087,1200345,1201899,1202221,1203435,1205067,1205752,1215265,1221427,1221607,1221985,1223758,1224777,1224800,1224800,1224802,1224803,1224803,1224803,0,0,0
F622.ENERGY.SOLAR.kWh,WJB Solar,116132,117162,118553,119414,120134,120603,121086,121914,122774,123953,125009,126034,126892,128122,129164,130045,130692,131269,131787,132563,133397,134624,135683,136672,137797,138985,139855,140523,141091,141529,142061,142922,143831,144728,0,0,0
F622.ENERGY.WOOD_BOILER.kWh,WJB,6135120,6167850,6212450,6219740,6262940,6337750,6411530,6482980,6546150,6603390,6642190,6679690,6702810,6703390,6745930,6799380,6864210,6942510,7029980,7114750,7178890,7223000,7263390,7275510,7275510,7292910,7342690,7396200,7476110,7553830,7640740,7720250,7784190,7849140,0,0,0
F812.ENERGY.OWHEO_MTR.ENERGY,Owheo/ Bil Rob,6844400,6847700,6879400,6926400,7006200,7122700,7241000,7352400,7450100,7530800,7576400,7618100,7642000,7671700,7706100,7768400,7855600,7953500,8063300,8184200,8264400,8328200,8376900,8412500,8447900,8482300,8520700,8577600,8674300,8765200,8866700,8981200,9066700,9133000,0,0,0
F813.MBUS.MTR.KWH,Robertson Lib,1898.8,1898.9,1900.8,1903.3,1922,1946,1985,2011,2030,2051,2061,2071,2081,2088,2095,2107,2120,2140,2182,2215,2225,2252.4,2263.4,2270,2276,2284,2292,2300,2310,2330,2350,2370,2406,2410,0,0,0
F916.ENERGY.BLR_MTR.ENERGY,CoE ,14105200,14105200,14114800,14161900,14344000,14563300,14896900,15161700,15446000,15656700,15719000,15719000,15719000,15719000,15761900,15861200,16088300,16315900,16658700,16963700,17177500,17343200,17441300,17441300,17441300,17441300,17572600,17763000,18004800,18114000,18171900,18443300,18662100,18833700,0,0,0
H538.ENERGY.BLR_MTR.ENERGY,Childcare,3363840,3389880,3432130,3475300,3537250,3612940,3692570,3757910,3815650,3864910,3908610,3946020,3971700,4002910,4057170,4116780,4183680,4261590,4333340,4407280,4458880,4517740,4576390,4615770,4644880,4679900,4722680,4780230,4862870,4938530,5009530,5080000,5150500,5221150,0,0,0
H402 St David II Chilled Water Energy  (Desigo),0,73.4,74.6,74.6,74.6,74.6,74.6,74.8,75.7,76.1,77,79.8,82.8,87,87,87,87,87,87,87,87.8,89.7,91.4,91.6,94,98.59,103,104.75,106.1100006,107.2,107.29,107.4199982,107.7699966,108.3799973,109.48,0,0,0
H538.ENERGY.CSAFE_31_MONT.POWER,CSAFE,93430,98130,104190,111610,121970,134100,148240,161610,173110,183720,190010,194800,198330,202020,208300,215360,226870,241060,258290,275870,289500,299960,305100,308670,312220,316100,320200,325490,333240,342820,359820,376820,393820,410820,0,0,0
H538.ENERGY.MONT_HEAT.ENERGY,Montgomery,0,0,0,0,0,0,3310,5690,7680,9270,9950,10500,10730,11070,12000,13300,15110,17200,19070,21100,22300,23800,24560,24830,25070,25870,27180,29000,31660,34410,36310,38000,39690,41450,0,0,0
H634.ENERGY.MTR.ENERGY,Arana,7228900,7285700,7369100,7454200,7600900,7789000,8007700,8194200,8364400,8512200,8572400,8598900,8627300,8666600,8751300,8851000,8998300,9164400,9356000,9559700,9714600,9850500,9913600,9913600,9913600,9913600,9913600,9913600,9913600,9913600,9913600,9913600,9913600,9913600,0,0,0
XI17 Invercargill Southland Learning Centre (Desigo),0,0,0,0,0,0,0,0,0,0,0,0,0,157482,158075,160758,165418,172598,180199,188213,195213,199713,202713,204010,205170,205572,205860,209123,215438,221993,228480,234740,240318,244805,250247,0,0,0
J141 Aquinas Priory solar (Desigo),0,57138,58979,61126,62597,63432,63711,64112,65460,66861,68581,69673,70873,71451,71743,73181,74545,75286,75591,76072,76853,78268,79843,80647,80982,81664,82951,83963,84791,85253,85479,85759,86516,87112,87830,0,0,0
E308 Student Health,0,42302,42498,42696,42974,43100,43280,43413,43413,43413,43413,43414.5,43414.5,43414.5,43414.5,43414.5,43414.5,43414.5,43414.5,43414.5,43414.5,43414.5,43414.5,43414.5,43414.5,43414.5,43414.5,43439,43448,44001,44016,44300,44782,45253,45765,0,0,0
G501 Staff club solar,0,0,0,0,0,0,0,0,0,0,0,0,0,0,0,0,0,0,0,0,0,0,0,0,0,0,0,25866.4,25881,25896,25911,25930,25963,25980,26040.8,0,0,0
F718 Darwin,0,183615,183625,183625,184516,186797,189597,193779,197454,200757,204401,206349,207746,207754,209426,211657,212627,213627,214627,216068,217120,218115,218996,219500,219900,220300,220700,221853,222155.8,222355,222555,222685,222825.5,222825.5,222916,0,0,0
J122 Carrington boiler (IP 10.81.148.38) (in MWh),0,157,0,0,0,0,0,0,0,0,0,894,894,894,900,909.43,915,935,966,1000,1030,1050.4,1068.35,1072.29,1072.29,1072.29,1077.26,1090.86,1116.24,1139.85,1165.85,1191.85,1217.85,1256.63,1261.66,1261.66,0,0
K430 Caroline Freeman College East (Abbey) solar energy (emailed),0,101852,102352,103284,103669,103800,103898,103926,104079,104264,104339.2,104447.8,104500,104596.1,104670,104710,105313.8,105450,105481.5,105529.8,105679.8,105994.9,106354.9,106735.5,107115.2,107514,107732.5,108186.6,108303.8,108420.4,108450,108550.1,108684.6,108727,108806.3,0,0,0
XI01 Invercargill Boiler (IP 10.85.4.21),0,578180,583180,586180,589180,591970,600300,614490,629680,641680,649340,649340,649340,649340,649340,650940,654280,665300,683310,702040,722100,737570,741890,741890,741890,741890,741890,741890,741890,741890,741890,741890,741890,741890,741900,741910,0,0
 Total Wood Energy - DN,0,73770,121570,189280,188230,453950,588900,739710,618090,595810,482950,208940,101410,77200,77090,233830,317630,526130,580910,727620,697410,504840,422520,264180,51500,29110,52424.97,223873.6,301485.38,404373.61,262606,215836,421406,353278.78,307205.03, , ,0
Total Solar Energy - DN,1,1,3567,4668,2995,1812,1026,1045,2329,2446,2974.2,2258.1,2277.2,1532.1,1595.9,2520,2848.8,1524.2,913.5,1047.3,1707,2564.1,3162,2243.6,1703.7,2205.8,2693.5,2360.6,1622.2,1699.6,708.6,1196.1,2234.5,2018.4,2206.3, , ,0
E308 Student Health,1,0,196,198,278,126,180,133,0,0,0,1.5,0,0,0,0,0,0,0,0,0,0,0,0,0,0,0,24.5,9,553,15,284,482,471,512, , ,0
E811.TE.RANGIHIROA.MTHW HX0.1a,1000,0,0,0,0,0,0,0,0,0,0,0,0,0,0,0,0,0,0,0,118800,71200,93900,49700,25800,17890,18359.9939,25919.9829,38520.0195,66430.0037,83939.9609,37500,79330.0171,1200.0122,0, , ,0
E811.TE.RANGIHIROA.MTHW HX0.1b,1000,0,0,0,0,0,0,0,0,0,0,0,0,0,0,0,0,0,0,0,69500,69500,39200,12300,21000,21100,27829.9927,36040.0085,49049.9878,81930.011,55809.9792,97029.9988,63470.0318,104199.9511,91.7900391, , ,0
E811.TE.RANGIHIROA.MTHW HX0.2 DHW,1000,0,0,0,0,0,0,0,0,0,0,0,0,0,0,0,0,0,0,0,23400,14600,18500,4800,1400,8230,28720.00153,39659.99607,46020.0042,48899.9982,44049.9988,46839.9963,58639.9841,51240.0208,54.0899963, , ,0
E811.TE.RANGIHIROA.LTHW Ground,1000,0,0,0,0,0,0,0,0,0,0,0,0,0,0,0,0,0,0,0,33700,15300,14600,8500,7100,7230,8139.99969,11790.00091,22839.9963,39800.0031,35259.9945,29290.0086,29949.9969,22089.9963,19.1300049, , ,0
E811.TE.RANGIHIROA.LTHW  L1-6,1000,0,0,0,0,0,0,0,0,0,0,0,0,0,0,0,0,0,0,0,99200,118800,128400,52900,44300,35690,43919.9609,54650.0245,68679.9926,109780.022,105479.9878,106679.9927,113900.0245,87609.985,77.939942, , ,0
E811 Te Rangihiroa Chiller 1,1000,0,0,0,0,0,0,0,0,0,0,0,0,0,0,0,0,0,0,0,2000,3000,3700,1100,60,0,19150.00023,12670.00008,12969.9974,7440.00229,3130.00122,5009.99451,6220.00122,6020.00427,11.03999329, , ,0
E811 Te Rangihiroa Chiller 2,1000,0,0,0,0,0,0,0,0,0,0,0,0,0,0,0,0,0,0,0,400,2600,2800,3000,15900,29300,7729.99954,20.00046,0,10,10.00046,19.99664,0,20.00046,0.01000213, , ,0
F603 Property Services wood chip boiler (10.3.161.234),1,0,40,717,2761,5584,10855,12634,11000,10768,10472,6705,1355,954,117,7336,18711,27396,4405,28,8377,35644,26478,24641,11818,13601,20949,12696,6510,11733,10444,15375,7760,6407,9223, , ,0
F614 School of Business BMS,1000,3770,5900,6310,11210,14460,16100,23950,20690,15990,14250,5080,5380,2370,2330,6860,10190,14710,18700,22210,19090,16110,12920,9710,9120,0,-0.049,13790.039,13919.922,19520.088,18080.01,20809.936,15130.005,11800.049,11089.966, , ,0
F622 Psychology wood boiler (IP 10.81.146.160),1,22880,32730,44600,7290,43200,74810,73780,71450,63170,57240,38800,37500,23120,580,42540,53450,64830,78300,87470,84770,64140,44110,40390,12120,0,17400,49780,53510,79910,77720,86910,79510,63940,64950, , ,0
F622 Psychology solar energy (IP 10.81.146.160),1,1245,1030,1391,861,720,469,483,828,860,1179,1056,1025,858,1230,1042,881,647,577,518,776,834,1227,1059,989,1125,1188,870,668,568,438,532,861,909,897, , ,0
F620 Psychology to buffer vessel Goddard (IP 10.81.146.160),1,4307,362,144,10818,18445,8644,7817,8029,6423,4557,1605,1850,678,2,1010,1532,1258,1554,322,1214,1632,685,9513,6162,180,378,1773,1019,23,0,2,1,0,0, , ,0
F620 Psychology from buffer vessel Goddard (IP 10.81.146.160),1,0,0,0,0,0,0,0,0,0,0,0,0,4339,8440,1280,4,5,274,6,8538,7365,12874,25264,36099,37316,26143,662,4931,4795,279,2368,2644,2374,121, , ,0
F620 Psychology 2c Animal rooms 1st floor(IP 10.81.146.160),1,0,2151,2590,2291,3169,3800,4343,3454,3539,2539,651,704,1026,676,1757,2790,3039,3354,3584,3746,2974,2784,2851,2378,2024,2311,2369,2884,3597,3605,3839,3545,3623,5155, , ,0
F620 Psychology 2c Cage wash (IP 10.81.146.160),1,8,17,8,67,235,625,774,418,295,207,9,19,0,34,27,22,58,337,508,769,103,100,45,3,0,1,64,135,557,328,577,534,620,469, , ,0
F620 Psychology 2c main AHU heating coil (IP 10.81.146.160),1,11734,13109,16469,17531,27226,34298,33710,28535,27577,26359,15194,15893,8786,3864,15126,22376,27797,34129,38353,40192,29984,25179,24988,15673,12186,16042,19935,25826,38189,34168,37677,35457,28580,26469, , ,0
F620 Psychology 2c main AHU cooling coil (IP 10.81.146.160),1,1650,1590,800,0,70,0,30,20,10,280,1100,1150,2600,3860,1470,90,250,20,0,0,460,390,120,940,2450,2470,100,100,0,0,0,0,130,220, , ,0
F718 Darwin,1,189,10,0,891,2281,2800,4182,3675,3303,3644,1948,1397,8,1672,2231,970,1000,1000,1441,1052,995,881,504,400,400,400,1153,302.8,199.2,200,130,140.5,0,90.5, , ,0
F812 Owheo and Robertson combined (10.81.147.145),1,2100,2900,31700,47000,79800,116500,118300,111400,97700,80700,45600,41700,23900,29700,34400,62300,87200,97900,109800,120900,80200,63800,48700,35600,35400,34400,38400,56900,96700,90900,101500,114500,85500,66300, , ,0
F813 Robertson Library,1,800,100,1900,2500,18700,24000,39000,26000,19000,21000,10000,10000,10000,7000,7000,12000,13000,20000,42000,33000,10000,27400,11000,6600,6000,8000,8000,8000,10000,20000,20000,20000,36000,4000, , ,0
F916 College of Education wood (invoiced),1,0,0,0,0,0,110.17,0,0,0,0,0,0,0,0,0,0,0,0,0,0,0,0,0,0,0,0,0,0,0,0,0,0,0,0,0,0,0
F916 College of Education wood boiler (10.81.147.145),1000,0,0,9600,47100,182100,219300,333600,264800,284300,210700,62300,0,0,0,42900,99300,227100,227600,342800,305000,213800,165700,98100,0,0,0,131300,190400,241800,109200,57900,271400,218800,171600, , ,0
F916 College of Education gas Boiler,1,38753.8307,2981.0639,88360.0738,117534.3059,9981.5398,67894.5677,74426.1122,18522.7903,0,12393.187,46189.7429,123194.9778,66319.83762,55159.10792,54209.25858,106281.3,22491.07537,91851,36294,51686,780,11980,2239,109448,109448,135985,105993,67745,104506,8165,68765,314414,613,2239,2837,0,0
F916 College of Education Gas & Wood,1,38753.8307,2981.0639,97960.0738,164634.3059,192081.5398,287194.5677,408026.1122,283322.7903,284300,223093.187,108489.7429,123194.9778,66319.83762,55159.10792,97109.25858,205581.3,249591.0754,319451,379094,356686,214580,177680,100339,109448,109448,135985,237293,258145,346306,117365,126665,585814,219413,173839,0, ,0
F916 College of Education other buildings,1,36653.8307,81.0639,66260.0738,117634.3059,112281.5398,170694.5677,289726.1122,171922.7903,186600,142393.187,62889.7429,81494.9778,42419.83762,25459.10792,62709.25858,143281.3,162391.0754,221551,269294,235786,134380,113880,51639,73848,74048,101585,198893,201245,249606,26465,25165,471314,133913,107539, , ,0
H402 St David II Chilled Water Energy  (Desigo),1000,5300,1200,0,0,0,0,200,900,400,900,2800,3000,4200,0,0,0,0,0,0,800,1900,1700,200,2400,4590,4410,1750,1360.0006,1089.9994,90,129.9982,349.9984,610.0007,1100.0027, , ,0
H538 Childcare boiler (IP 10.81.149.14),1,25790,26040,42250,43170,61950,75690,79630,65340,57740,49260,43700,37410,25680,31210,54260,59610,66900,77910,71750,73940,51600,58860,58650,39380,29110,35020,42780,57550,82640,75660,71000,70470,70500,70650, , ,0
H538 Childcare Heat energy usage,1,22070,21340,36190,35750,51590,63560,62180,49590,44250,37060,36730,32070,21920,27180,47050,51250,53580,61630,52650,54330,36770,46900,52750,35540,25320,30340,37370,50440,72230,63330,2651,51780,51810,51890, , ,0
H538 Percentage of total Boiler house Heat,1,0.855758046,0.819508449,0.856568047,0.828121381,0.832768362,0.839741049,0.780861484,0.758953168,0.76636647,0.752334551,0.840503432,0.857257418,0.853582555,0.87087472,0.867121268,0.859755075,0.800896861,0.791040945,0.733797909,0.734784961,0.712596899,0.79680598,0.89940324,0.902488573,0.869804191,0.866362079,0.873539037,0.876455256,0.874031946,0.8370341,0.037338028,0.734780758,0.734893617,0.734465676, , ,0
H538 CSAFE ,1,3720,4700,6060,7420,10360,12130,14140,13370,11500,10610,6290,4790,3530,3690,6280,7060,11510,14190,17230,17580,13630,10460,5140,3570,3550,3880,4100,5290,7750,9580,17000,17000,17000,17000, , ,0
H538 31 Montgomery Ave ,1,0,0,0,0,0,0,3310,2380,1990,1590,680,550,230,340,930,1300,1810,2090,1870,2030,1200,1500,760,270,240,800,1310,1820,2660,2750,51349,1690,1690,1760, , , 
H633 Arana Boiler (IP 10.81.148.22),1,25100,56800,83400,85100,146700,188100,218700,186500,170200,147800,60200,26500,28400,39300,84700,99700,147300,166100,191600,203700,154900,135900,63100,0,0,0,0,0,0,0,0,0,0,0, , ,0
J141 Aquinas Priory solar (Desigo),1,0,1841,2147,1471,835,279,401,1348,1401,1720,1092,1200,578,292,1438,1364,741,305,481,781,1415,1575,804,335,682,1287,1012,828,462,226,280,757,596,718, , ,0
J122 Carrington Jenkins boiler ,1000,0,6000,9430,5570,20000,31000,34000,30000,20400,17950,3940,0,0,6000,9430,5570,20000,31000,34000,30000,20400,17950,3940,0,0,4.97,13.6,25.38,23.61,26,26,26,38.78,5.03,0, ,0
K430 Caroline Freeman College East (Abbey) solar energy,1,588,500,932,385,131,98,28,153,185,75.2,108.6,52.2,96.1,73.9,40,603.8,136.2,31.5,48.3,150,315.1,360,380.6,379.7,398.8,218.5,454.1,117.2,116.6,29.6,100.1,134.5,42.4,79.3, , ,0
XI01 Invercargill Boiler (IP 10.85.4.21),1,0,5000,3000,3000,2790,8330,14190,15190,12000,7660,0,0,0,0,1600,3340,11020,18010,18730,20060,15470,4320,0,0,0,0,0,0,0,0,0,0,0,10,10, ,0
XI17 Invercargill Southland Learning Centre (Desigo),0,0,0,0,0,0,0,0,0,0,0,0,0,0,593,2683,4660,7180,7601,8014,7000,4500,3000,1297,1160,402,288,3263,6315,6555,6487,6260,5578,4487,5442, , ,0
